# Created by Octave 3.6.4, Fri May 10 03:37:09 2013 MDT <michael@squall>
# name: e_cam
# type: matrix
# rows: 1
# columns: 3
 0 1 0


# name: g_cam
# type: matrix
# rows: 1
# columns: 3
 0 -1 0


# name: t_cam
# type: matrix
# rows: 1
# columns: 3
 1 1 0


# name: Pixel
# type: matrix
# rows: 4
# columns: 1
 0
 -3
 0
 1


# name: n_x
# type: scalar
800


# name: n_y
# type: scalar
600


# name: l
# type: scalar
-1


# name: r
# type: scalar
1


# name: b
# type: scalar
-1


# name: t
# type: scalar
1


# name: n
# type: scalar
-2


# name: f
# type: scalar
-5


